{
 "cells": [
  {
   "cell_type": "code",
   "execution_count": 22,
   "metadata": {},
   "outputs": [],
   "source": [
    "def update_list(input_list):\n",
    "    \"\"\"\n",
    "    Generate a list of lists of length n from input_list\n",
    "    \"\"\"\n",
    "    output_list = []\n",
    "    for list1 in input_list:\n",
    "        max1 = max(list1)\n",
    "        output_list = output_list + [list1 + [i] for i in range(0,max1+2)]\n",
    "    return output_list\n",
    "\n",
    "def generate_list(n):\n",
    "    \"\"\"\n",
    "    Generate a list of lists of length n\n",
    "    \"\"\"\n",
    "    list1 = [[0]]\n",
    "    for i in range(0,n-1):\n",
    "        list1 = update_list(list1)\n",
    "    return list1"
   ]
  },
  {
   "cell_type": "code",
   "execution_count": 23,
   "metadata": {},
   "outputs": [
    {
     "name": "stdout",
     "output_type": "stream",
     "text": [
      "[[0, 0, 0], [0, 0, 1], [0, 1, 0], [0, 1, 1], [0, 1, 2]]\n"
     ]
    }
   ],
   "source": [
    "x = generate_list(3)\n",
    "print(x)"
   ]
  },
  {
   "cell_type": "code",
   "execution_count": 24,
   "metadata": {},
   "outputs": [
    {
     "name": "stdout",
     "output_type": "stream",
     "text": [
      "[1]\n",
      "[2, 3, 4]\n",
      "[5, 6, 7, 8]\n"
     ]
    }
   ],
   "source": [
    "def split_list(lst, lengths):\n",
    "    sublists = []\n",
    "    start = 0\n",
    "    for length in lengths:\n",
    "        # Take a slice of the original list with the specified length\n",
    "        sublists.append(lst[start:start + length])\n",
    "        start += length\n",
    "    return sublists\n",
    "\n"
   ]
  },
  {
   "cell_type": "code",
   "execution_count": 25,
   "metadata": {},
   "outputs": [],
   "source": [
    "def generate_numbers(lengths):\n",
    "    \n",
    "    list_sum = sum(lengths)\n",
    "    list_of_lists = generate_list(list_sum)\n",
    "    list_of_lists = [split_list(list1, lengths) for list1 in list_of_lists]\n",
    "    return list_of_lists    "
   ]
  },
  {
   "cell_type": "code",
   "execution_count": 65,
   "metadata": {},
   "outputs": [],
   "source": [
    "def invert_permutation(permutation):\n",
    "    return {value: index for index, value in enumerate(permutation)}"
   ]
  },
  {
   "cell_type": "code",
   "execution_count": 60,
   "metadata": {},
   "outputs": [],
   "source": [
    "from itertools import permutations\n",
    "\n",
    "def generate_permutations(list1):\n",
    "    max1 = max([max(list) for list in list1])\n",
    "    fst = [list[0] for list in list1]\n",
    "    perms = []\n",
    "    for p in permutations(range(10), max1+1):\n",
    "        if 0 in [p[i] for i in fst]:\n",
    "            pass\n",
    "        else:\n",
    "            translated = [[p[i] for i in list] for list in list1]\n",
    "            dict1 = invert_permutation(p)\n",
    "            perms.append((translated, dict1))\n",
    "    return perms"
   ]
  },
  {
   "cell_type": "code",
   "execution_count": 87,
   "metadata": {},
   "outputs": [],
   "source": [
    "from collections import defaultdict\n",
    "\n",
    "def categorize_by_f(long_list, f):\n",
    "    result = defaultdict(list)\n",
    "    for x in long_list:\n",
    "        result[f(x)].append(x)\n",
    "    \n",
    "        \n",
    "    return dict(result)"
   ]
  },
  {
   "cell_type": "code",
   "execution_count": 71,
   "metadata": {},
   "outputs": [],
   "source": [
    "def to_result(perm):\n",
    "    summands, mapping = perm\n",
    "    sum1 = sum([int(''.join(map(str, numbers))) for numbers in summands])\n",
    "    sum1 = list(map(int, str(sum1)))\n",
    "    translated = []\n",
    "    counter = 97\n",
    "    new = {}\n",
    "    for digit in sum1:\n",
    "        if digit in mapping.keys():\n",
    "            translated.append(mapping[digit])\n",
    "        elif digit in new.keys():\n",
    "            translated.append(new[digit])\n",
    "        else:\n",
    "            new[digit] = chr(counter)\n",
    "            translated.append(chr(counter))\n",
    "            counter += 1\n",
    "    return ''.join(map(str, translated))\n"
   ]
  },
  {
   "cell_type": "code",
   "execution_count": 100,
   "metadata": {},
   "outputs": [],
   "source": [
    "def select_permutations(perms):\n",
    "\n",
    "    x = categorize_by_f(perms, to_result)\n",
    "    z = [v[0] for k, v in x.items() if len(v) == 1]\n",
    "    summands = [[int(''.join(map(str, numbers)))for numbers in y] for y, _ in z]\n",
    "    summands = [x + [sum(x)] for x in summands]\n",
    "    return summands\n",
    "    "
   ]
  },
  {
   "cell_type": "code",
   "execution_count": 101,
   "metadata": {},
   "outputs": [
    {
     "name": "stdout",
     "output_type": "stream",
     "text": [
      "[[50, 50, 100], [61, 61, 122]]\n"
     ]
    }
   ],
   "source": [
    "x = \n"
   ]
  },
  {
   "cell_type": "code",
   "execution_count": 96,
   "metadata": {},
   "outputs": [
    {
     "name": "stdout",
     "output_type": "stream",
     "text": [
      "a11 [([[5, 0], [5, 0]], {5: 0, 0: 1})]\n",
      "1aa [([[6, 1], [6, 1]], {6: 0, 1: 1})]\n"
     ]
    }
   ],
   "source": [
    "x = categorize_permutations(generate_permutations([[0,1],[0,1]]))\n",
    "for k,v in x.items():\n",
    "    if len(v) < 2:\n",
    "        print(k,v)"
   ]
  },
  {
   "cell_type": "code",
   "execution_count": 105,
   "metadata": {},
   "outputs": [],
   "source": [
    "def get_alphametics(lengths):\n",
    "\n",
    "    alphametics = [select_permutations(generate_permutations(perm)) for perm in generate_numbers(lengths)]\n",
    "    alphametics = [item for sublist in alphametics for item in sublist]\n",
    "    return alphametics"
   ]
  },
  {
   "cell_type": "code",
   "execution_count": 110,
   "metadata": {},
   "outputs": [
    {
     "name": "stdout",
     "output_type": "stream",
     "text": [
      "[[555, 555, 1110], [999, 999, 1998], [444, 448, 892], [555, 550, 1105], [555, 551, 1106], [555, 556, 1111], [666, 662, 1328], [666, 663, 1329], [777, 772, 1549], [999, 990, 1989], [999, 991, 1990], [999, 992, 1991], [444, 484, 928], [555, 545, 1100], [555, 595, 1150], [888, 818, 1706], [888, 878, 1766], [999, 919, 1918], [999, 989, 1988], [333, 377, 710], [444, 499, 943], [555, 500, 1055], [555, 566, 1121], [555, 599, 1154], [666, 622, 1288], [888, 899, 1787], [999, 911, 1910], [999, 922, 1921], [333, 370, 703], [333, 378, 711], [444, 438, 882], [555, 501, 1056], [555, 506, 1061], [555, 510, 1065], [555, 549, 1104], [555, 560, 1115], [555, 561, 1116], [555, 596, 1151], [666, 673, 1339], [777, 704, 1481], [777, 714, 1491], [888, 812, 1700], [888, 819, 1707], [999, 901, 1900], [999, 910, 1909], [999, 912, 1911], [999, 920, 1919], [111, 911, 1022], [444, 844, 1288], [555, 155, 710], [555, 455, 1010], [555, 955, 1510], [666, 266, 932], [888, 188, 1076], [888, 788, 1676], [999, 199, 1198], [999, 899, 1898], [111, 919, 1030], [555, 454, 1009], [555, 656, 1211], [555, 959, 1514], [666, 262, 928], [888, 181, 1069], [888, 989, 1877], [999, 191, 1190], [999, 292, 1291], [111, 910, 1021], [111, 912, 1023], [111, 918, 1029], [555, 156, 711], [555, 450, 1005], [555, 459, 1014], [555, 950, 1505], [555, 956, 1511], [666, 162, 828], [666, 263, 929], [666, 562, 1228], [888, 180, 1068], [888, 182, 1070], [888, 183, 1071], [888, 187, 1075], [888, 189, 1077], [888, 981, 1869], [999, 190, 1189], [999, 192, 1191], [999, 890, 1889], [111, 991, 1102], [222, 992, 1214], [444, 884, 1328], [666, 226, 892], [888, 118, 1006], [999, 119, 1118], [999, 889, 1888], [111, 999, 1110], [222, 999, 1221], [999, 111, 1110], [999, 222, 1221], [111, 889, 1000], [111, 990, 1101], [111, 998, 1109], [222, 990, 1212], [222, 991, 1213], [222, 997, 1219], [555, 661, 1216], [555, 994, 1549], [666, 882, 1548], [888, 112, 1000], [888, 113, 1001], [888, 991, 1879], [999, 110, 1109], [999, 112, 1111], [999, 220, 1219], [111, 891, 1002], [111, 901, 1012], [111, 921, 1032], [111, 981, 1092], [444, 384, 828], [444, 784, 1228], [555, 605, 1160], [666, 216, 882], [666, 256, 922], [666, 296, 962], [777, 407, 1184], [777, 417, 1194], [888, 128, 1016], [888, 168, 1056], [888, 178, 1066], [888, 198, 1086], [888, 718, 1606], [888, 918, 1806], [999, 189, 1188], [999, 819, 1818], [111, 898, 1009], [111, 909, 1020], [111, 979, 1090], [111, 989, 1100], [222, 979, 1201], [222, 989, 1211], [555, 494, 1049], [777, 424, 1201], [888, 121, 1009], [888, 131, 1019], [888, 191, 1079], [888, 212, 1100], [888, 313, 1201], [888, 323, 1211], [888, 919, 1807], [999, 101, 1100], [999, 212, 1211], [111, 899, 1010], [111, 900, 1011], [111, 988, 1099], [222, 799, 1021], [222, 899, 1121], [555, 611, 1166], [777, 244, 1021], [888, 122, 1010], [888, 133, 1021], [888, 199, 1087], [888, 233, 1121], [999, 100, 1099], [999, 122, 1121], [111, 890, 1001], [111, 897, 1008], [111, 908, 1019], [111, 978, 1089], [111, 980, 1091], [111, 987, 1098], [555, 601, 1156], [555, 610, 1165], [555, 961, 1516], [888, 120, 1008], [888, 123, 1011], [888, 124, 1012], [888, 130, 1018], [888, 132, 1020], [888, 143, 1031], [888, 192, 1080], [888, 193, 1081], [888, 213, 1101], [888, 312, 1200], [888, 912, 1800], [888, 913, 1801], [888, 931, 1819], [999, 120, 1119], [448, 444, 892], [550, 555, 1105], [551, 555, 1106], [556, 555, 1111], [662, 666, 1328], [663, 666, 1329], [772, 777, 1549], [990, 999, 1989], [991, 999, 1990], [992, 999, 1991], [449, 449, 898], [550, 550, 1100], [551, 551, 1102], [661, 661, 1322], [663, 663, 1326], [884, 884, 1768], [990, 990, 1980], [991, 991, 1982], [994, 994, 1988], [336, 337, 673], [337, 336, 673], [448, 449, 897], [449, 448, 897], [550, 551, 1101], [551, 550, 1101], [551, 554, 1105], [551, 559, 1110], [554, 551, 1105], [559, 551, 1110], [772, 775, 1547], [775, 772, 1547], [881, 887, 1768], [887, 881, 1768], [990, 991, 1981], [990, 998, 1988], [991, 990, 1981], [991, 997, 1988], [991, 998, 1989], [997, 991, 1988], [998, 990, 1988], [998, 991, 1989], [337, 373, 710], [449, 494, 943], [550, 505, 1055], [556, 565, 1121], [559, 595, 1154], [662, 626, 1288], [889, 898, 1787], [991, 919, 1910], [992, 929, 1921], [116, 166, 282], [445, 455, 900], [449, 499, 948], [550, 500, 1050], [556, 566, 1122], [559, 599, 1158], [661, 611, 1272], [772, 722, 1494], [889, 899, 1788], [991, 911, 1902], [992, 922, 1914], [337, 370, 707], [337, 374, 711], [443, 438, 881], [449, 495, 944], [550, 501, 1051], [551, 510, 1061], [556, 560, 1116], [556, 561, 1117], [559, 591, 1150], [559, 592, 1151], [559, 596, 1155], [662, 624, 1286], [662, 629, 1291], [665, 651, 1316], [667, 672, 1339], [774, 741, 1515], [775, 752, 1527], [881, 819, 1700], [883, 831, 1714], [885, 853, 1738], [886, 861, 1747], [887, 871, 1758], [887, 876, 1763], [991, 910, 1901], [991, 918, 1909], [992, 920, 1912], [992, 921, 1913], [992, 927, 1919], [995, 954, 1949], [998, 981, 1979], [330, 373, 703], [338, 373, 711], [448, 434, 882], [550, 515, 1065], [550, 565, 1115], [551, 505, 1056], [551, 565, 1116], [556, 505, 1061], [556, 595, 1151], [559, 545, 1104], [663, 676, 1339], [774, 707, 1481], [774, 717, 1491], [882, 818, 1700], [889, 818, 1707], [990, 919, 1909], [990, 929, 1919], [991, 909, 1900], [992, 919, 1911], [115, 105, 220], [116, 126, 242], [227, 247, 474], [330, 370, 700], [336, 326, 662], [447, 497, 944], [448, 438, 886], [550, 510, 1060], [550, 560, 1110], [551, 501, 1052], [551, 561, 1112], [551, 571, 1122], [553, 563, 1116], [661, 601, 1262], [661, 621, 1282], [661, 631, 1292], [663, 653, 1316], [663, 673, 1336], [668, 618, 1286], [771, 751, 1522], [774, 714, 1488], [774, 784, 1558], [881, 841, 1722], [881, 871, 1752], [884, 894, 1778], [887, 847, 1734], [990, 910, 1900], [990, 920, 1910], [991, 921, 1912], [991, 931, 1922], [330, 377, 707], [334, 377, 711], [445, 499, 944], [448, 433, 881], [550, 511, 1061], [550, 566, 1116], [551, 500, 1051], [551, 566, 1117], [551, 599, 1150], [552, 599, 1151], [556, 599, 1155], [661, 655, 1316], [662, 677, 1339], [664, 622, 1286], [669, 622, 1291], [771, 744, 1515], [772, 755, 1527], [881, 833, 1714], [881, 866, 1747], [881, 877, 1758], [883, 855, 1738], [886, 877, 1763], [889, 811, 1700], [990, 911, 1901], [990, 922, 1912], [991, 922, 1913], [991, 988, 1979], [994, 955, 1949], [997, 922, 1919], [998, 911, 1909], [550, 516, 1066], [550, 561, 1111], [551, 504, 1055], [551, 539, 1090], [551, 560, 1111], [551, 564, 1115], [551, 594, 1145], [554, 501, 1055], [554, 561, 1115], [554, 591, 1145], [556, 510, 1066], [559, 531, 1090], [771, 746, 1517], [772, 745, 1517], [772, 785, 1557], [775, 742, 1517], [775, 782, 1557], [776, 741, 1517], [881, 809, 1690], [881, 837, 1718], [881, 897, 1778], [887, 831, 1718], [887, 891, 1778], [889, 801, 1690], [990, 921, 1911], [991, 908, 1899], [991, 920, 1911], [991, 928, 1919], [998, 901, 1899], [998, 921, 1919], [119, 911, 1030], [554, 455, 1009], [556, 655, 1211], [559, 955, 1514], [662, 266, 928], [881, 188, 1069], [889, 988, 1877], [991, 199, 1190], [992, 299, 1291], [119, 919, 1038], [445, 545, 990], [447, 747, 1194], [554, 454, 1008], [556, 656, 1212], [559, 959, 1518], [661, 161, 822], [881, 181, 1062], [889, 989, 1878], [991, 191, 1182], [994, 494, 1488], [112, 213, 325], [119, 910, 1029], [119, 912, 1031], [119, 913, 1032], [119, 914, 1033], [225, 527, 752], [334, 437, 771], [445, 549, 994], [554, 450, 1004], [559, 950, 1509], [559, 951, 1510], [559, 952, 1511], [559, 956, 1515], [662, 267, 929], [665, 562, 1227], [668, 865, 1533], [881, 180, 1061], [881, 185, 1066], [881, 186, 1067], [881, 187, 1068], [881, 189, 1070], [885, 581, 1466], [991, 190, 1181], [991, 197, 1188], [991, 198, 1189], [997, 791, 1788], [998, 890, 1888], [998, 891, 1889], [119, 991, 1110], [229, 992, 1221], [991, 119, 1110], [992, 229, 1221], [118, 888, 1006], [119, 999, 1118], [226, 666, 892], [884, 444, 1328], [889, 999, 1888], [991, 111, 1102], [992, 222, 1214], [118, 882, 1000], [118, 883, 1001], [119, 990, 1109], [119, 992, 1111], [229, 990, 1219], [665, 551, 1216], [881, 119, 1000], [886, 662, 1548], [991, 110, 1101], [991, 118, 1109], [992, 220, 1212], [992, 221, 1213], [992, 227, 1219], [995, 554, 1549], [998, 881, 1879], [118, 891, 1009], [119, 901, 1020], [119, 971, 1090], [119, 981, 1100], [229, 972, 1201], [229, 982, 1211], [554, 495, 1049], [774, 427, 1201], [881, 128, 1009], [881, 138, 1019], [881, 198, 1079], [882, 218, 1100], [883, 318, 1201], [883, 328, 1211], [889, 918, 1807], [991, 109, 1100], [992, 219, 1211], [118, 898, 1016], [119, 909, 1028], [119, 969, 1088], [119, 979, 1098], [119, 989, 1108], [226, 656, 882], [226, 696, 922], [229, 989, 1218], [334, 484, 818], [447, 717, 1164], [447, 727, 1174], [667, 747, 1414], [668, 818, 1486], [668, 858, 1526], [774, 414, 1188], [775, 535, 1310], [778, 868, 1646], [881, 121, 1002], [881, 131, 1012], [881, 141, 1022], [884, 414, 1298], [884, 434, 1318], [889, 919, 1808], [889, 929, 1818], [991, 101, 1092], [991, 121, 1112], [991, 131, 1122], [115, 566, 681], [116, 655, 771], [118, 899, 1017], [119, 900, 1019], [119, 922, 1041], [119, 977, 1096], [119, 988, 1107], [334, 488, 822], [443, 388, 831], [551, 166, 717], [556, 611, 1167], [557, 722, 1279], [661, 155, 816], [664, 477, 1141], [665, 511, 1176], [667, 744, 1411], [772, 299, 1071], [773, 344, 1117], [775, 522, 1297], [776, 688, 1464], [778, 866, 1644], [779, 922, 1701], [881, 122, 1003], [881, 133, 1014], [881, 177, 1058], [881, 199, 1080], [882, 299, 1181], [884, 433, 1317], [889, 911, 1800], [889, 922, 1811], [991, 100, 1091], [991, 122, 1113], [991, 188, 1179], [994, 455, 1449], [997, 722, 1719], [998, 811, 1809], [118, 890, 1008], [118, 892, 1010], [118, 893, 1011], [119, 902, 1021], [119, 903, 1022], [119, 972, 1091], [119, 978, 1097], [119, 980, 1099], [119, 982, 1101], [229, 901, 1130], [338, 815, 1153], [556, 610, 1166], [557, 728, 1285], [665, 501, 1166], [667, 749, 1416], [775, 536, 1311], [776, 641, 1417], [881, 120, 1001], [881, 127, 1008], [881, 129, 1010], [881, 130, 1011], [881, 132, 1013], [881, 137, 1018], [881, 197, 1078], [882, 219, 1101], [887, 761, 1648], [889, 901, 1790], [889, 912, 1801], [991, 108, 1099], [991, 120, 1111], [991, 128, 1119], [998, 821, 1819], [110, 911, 1021], [112, 911, 1023], [118, 911, 1029], [550, 455, 1005], [550, 955, 1505], [556, 155, 711], [556, 955, 1511], [559, 455, 1014], [662, 166, 828], [662, 566, 1228], [663, 266, 929], [880, 188, 1068], [881, 988, 1869], [882, 188, 1070], [883, 188, 1071], [887, 188, 1075], [889, 188, 1077], [990, 199, 1189], [990, 899, 1889], [992, 199, 1191], [110, 910, 1020], [112, 412, 524], [112, 912, 1024], [115, 915, 1030], [116, 216, 332], [221, 821, 1042], [221, 921, 1142], [337, 437, 774], [442, 842, 1284], [550, 450, 1000], [550, 950, 1500], [554, 854, 1408], [557, 857, 1414], [661, 261, 922], [661, 461, 1122], [661, 561, 1222], [661, 961, 1622], [662, 462, 1124], [771, 271, 1042], [772, 172, 944], [772, 472, 1244], [880, 180, 1060], [881, 281, 1162], [881, 681, 1562], [883, 183, 1066], [883, 483, 1366], [883, 683, 1566], [884, 584, 1468], [885, 185, 1070], [886, 786, 1672], [887, 187, 1074], [990, 190, 1180], [990, 890, 1880], [991, 291, 1282], [991, 891, 1882], [994, 194, 1188], [994, 894, 1888], [110, 919, 1029], [112, 919, 1031], [113, 212, 325], [113, 919, 1032], [114, 919, 1033], [227, 525, 752], [337, 434, 771], [449, 545, 994], [550, 454, 1004], [550, 959, 1509], [551, 959, 1510], [552, 959, 1511], [556, 959, 1515], [662, 565, 1227], [665, 868, 1533], [667, 262, 929], [880, 181, 1061], [881, 585, 1466], [885, 181, 1066], [886, 181, 1067], [887, 181, 1068], [889, 181, 1070], [990, 191, 1181], [990, 898, 1888], [991, 797, 1788], [991, 898, 1889], [997, 191, 1188], [998, 191, 1189], [110, 912, 1022], [112, 910, 1022], [112, 917, 1029], [113, 917, 1030], [113, 918, 1031], [117, 912, 1029], [117, 913, 1030], [118, 913, 1031], [441, 649, 1090], [442, 846, 1288], [446, 842, 1288], [449, 641, 1090], [550, 451, 1001], [550, 951, 1501], [551, 450, 1001], [551, 459, 1010], [551, 950, 1501], [559, 451, 1010], [771, 573, 1344], [773, 571, 1344], [880, 186, 1066], [881, 685, 1566], [881, 786, 1667], [882, 186, 1068], [883, 187, 1070], [884, 187, 1071], [885, 681, 1566], [886, 180, 1066], [886, 182, 1068], [886, 781, 1667], [887, 183, 1070], [887, 184, 1071], [990, 198, 1188], [990, 891, 1881], [991, 890, 1881], [991, 897, 1888], [997, 891, 1888], [998, 190, 1188], [110, 901, 1011], [118, 981, 1099], [119, 891, 1010], [229, 792, 1021], [229, 892, 1121], [551, 615, 1166], [774, 247, 1021], [882, 128, 1010], [883, 138, 1021], [883, 238, 1121], [889, 198, 1087], [990, 109, 1099], [992, 129, 1121], [110, 900, 1010], [115, 955, 1070], [117, 977, 1094], [118, 988, 1106], [119, 899, 1018], [221, 311, 532], [221, 811, 1032], [221, 911, 1132], [226, 766, 992], [229, 899, 1128], [447, 277, 724], [551, 611, 1162], [556, 266, 822], [667, 477, 1144], [778, 688, 1466], [881, 211, 1092], [882, 122, 1004], [883, 133, 1016], [884, 144, 1028], [884, 344, 1228], [885, 155, 1040], [889, 199, 1088], [889, 299, 1188], [990, 100, 1090], [991, 211, 1202], [992, 122, 1114], [992, 422, 1414], [110, 909, 1019], [112, 929, 1041], [115, 656, 771], [116, 565, 681], [117, 979, 1096], [118, 989, 1107], [119, 898, 1017], [338, 484, 822], [448, 383, 831], [551, 616, 1167], [552, 727, 1279], [556, 161, 717], [661, 515, 1176], [664, 747, 1411], [665, 151, 816], [667, 474, 1141], [772, 525, 1297], [772, 929, 1701], [774, 343, 1117], [776, 868, 1644], [778, 686, 1464], [779, 292, 1071], [881, 919, 1800], [882, 121, 1003], [882, 929, 1811], [883, 131, 1014], [883, 434, 1317], [887, 171, 1058], [889, 191, 1080], [889, 292, 1181], [990, 101, 1091], [991, 818, 1809], [992, 121, 1113], [992, 727, 1719], [995, 454, 1449], [998, 181, 1179], [114, 945, 1059], [114, 946, 1060], [117, 973, 1090], [117, 974, 1091], [118, 980, 1098], [118, 982, 1100], [118, 983, 1101], [119, 890, 1009], [119, 892, 1011], [338, 981, 1319], [442, 826, 1268], [551, 610, 1161], [551, 614, 1165], [554, 941, 1495], [662, 824, 1486], [665, 451, 1116], [665, 851, 1516], [665, 951, 1616], [771, 319, 1090], [774, 641, 1415], [881, 219, 1100], [881, 917, 1798], [882, 120, 1002], [882, 126, 1008], [882, 129, 1011], [883, 130, 1013], [883, 135, 1018], [883, 235, 1118], [883, 431, 1314], [883, 531, 1414], [885, 153, 1038], [885, 653, 1538], [886, 162, 1048], [886, 165, 1051], [887, 571, 1458], [889, 192, 1081], [992, 120, 1112], [992, 127, 1119], [992, 321, 1313], [995, 154, 1149], [998, 781, 1779], [110, 991, 1101], [118, 991, 1109], [119, 881, 1000], [220, 992, 1212], [221, 992, 1213], [227, 992, 1219], [551, 665, 1216], [554, 995, 1549], [662, 886, 1548], [881, 998, 1879], [882, 118, 1000], [883, 118, 1001], [990, 119, 1109], [990, 229, 1219], [992, 119, 1111], [110, 990, 1100], [115, 885, 1000], [119, 889, 1008], [220, 990, 1210], [221, 881, 1102], [221, 991, 1212], [331, 991, 1322], [442, 772, 1214], [554, 884, 1438], [772, 442, 1214], [881, 221, 1102], [884, 554, 1438], [885, 115, 1000], [889, 119, 1008], [990, 110, 1100], [990, 220, 1210], [991, 221, 1212], [991, 331, 1322], [110, 999, 1109], [112, 888, 1000], [112, 999, 1111], [113, 888, 1001], [220, 999, 1219], [661, 555, 1216], [882, 666, 1548], [889, 111, 1000], [990, 111, 1101], [990, 222, 1212], [991, 222, 1213], [991, 888, 1879], [994, 555, 1549], [997, 222, 1219], [998, 111, 1109], [220, 991, 1211], [221, 990, 1211], [221, 998, 1219], [228, 991, 1219], [331, 882, 1213], [332, 881, 1213], [881, 332, 1213], [882, 331, 1213], [990, 221, 1211], [991, 220, 1211], [991, 228, 1219], [998, 221, 1219], [110, 891, 1001], [110, 981, 1091], [117, 891, 1008], [117, 981, 1098], [118, 901, 1019], [118, 971, 1089], [550, 615, 1165], [551, 605, 1156], [551, 965, 1516], [880, 128, 1008], [880, 138, 1018], [881, 938, 1819], [882, 138, 1020], [882, 198, 1080], [882, 318, 1200], [882, 918, 1800], [883, 128, 1011], [883, 148, 1031], [883, 198, 1081], [883, 218, 1101], [883, 918, 1801], [884, 128, 1012], [990, 129, 1119], [110, 890, 1000], [110, 980, 1090], [114, 894, 1008], [114, 984, 1098], [115, 895, 1010], [115, 905, 1020], [115, 935, 1050], [115, 975, 1090], [115, 985, 1100], [116, 906, 1022], [118, 968, 1086], [221, 781, 1002], [221, 791, 1012], [221, 801, 1022], [221, 861, 1082], [221, 891, 1112], [221, 901, 1122], [221, 971, 1192], [221, 981, 1202], [228, 698, 926], [334, 814, 1148], [446, 276, 722], [550, 610, 1160], [551, 721, 1272], [552, 942, 1494], [553, 613, 1166], [554, 834, 1388], [554, 864, 1418], [663, 713, 1376], [664, 824, 1488], [668, 298, 966], [668, 518, 1186], [771, 231, 1002], [771, 241, 1012], [771, 251, 1022], [776, 916, 1692], [779, 819, 1598], [880, 120, 1000], [880, 130, 1010], [881, 201, 1082], [881, 231, 1112], [881, 241, 1122], [881, 541, 1422], [881, 921, 1802], [882, 142, 1024], [883, 123, 1006], [884, 124, 1008], [884, 164, 1048], [884, 534, 1418], [884, 574, 1458], [885, 125, 1010], [885, 165, 1050], [885, 195, 1080], [885, 915, 1800], [886, 126, 1012], [990, 120, 1110], [991, 201, 1192], [991, 231, 1222], [110, 898, 1008], [110, 989, 1099], [112, 898, 1010], [112, 909, 1021], [112, 979, 1091], [112, 989, 1101], [113, 898, 1011], [113, 909, 1022], [118, 979, 1097], [221, 909, 1130], [335, 818, 1153], [550, 616, 1166], [558, 727, 1285], [661, 505, 1166], [669, 747, 1416], [771, 646, 1417], [776, 535, 1311], [880, 121, 1001], [880, 131, 1011], [881, 767, 1648], [881, 909, 1790], [882, 131, 1013], [882, 919, 1801], [887, 121, 1008], [887, 131, 1018], [887, 191, 1078], [889, 121, 1010], [889, 212, 1101], [990, 121, 1111], [991, 828, 1819], [998, 101, 1099], [998, 121, 1119], [110, 899, 1009], [110, 988, 1098], [112, 899, 1011], [112, 988, 1100], [113, 977, 1090], [113, 988, 1101], [114, 977, 1091], [115, 944, 1059], [116, 944, 1060], [331, 988, 1319], [446, 822, 1268], [550, 611, 1161], [551, 944, 1495], [554, 611, 1165], [661, 455, 1116], [661, 855, 1516], [661, 955, 1616], [664, 822, 1486], [771, 644, 1415], [779, 311, 1090], [880, 122, 1002], [880, 133, 1013], [881, 433, 1314], [881, 533, 1414], [881, 577, 1458], [882, 166, 1048], [882, 199, 1081], [883, 155, 1038], [883, 655, 1538], [885, 133, 1018], [885, 166, 1051], [885, 233, 1118], [886, 122, 1008], [887, 911, 1798], [889, 122, 1011], [889, 211, 1100], [990, 122, 1112], [991, 322, 1313], [991, 788, 1779], [994, 155, 1149], [997, 122, 1119], [112, 908, 1020], [118, 902, 1020], [551, 763, 1314], [553, 761, 1314], [772, 815, 1587], [775, 812, 1587], [881, 209, 1090], [881, 309, 1190], [881, 437, 1318], [887, 431, 1318], [889, 201, 1090], [889, 301, 1190], [484, 444, 928], [545, 555, 1100], [595, 555, 1150], [818, 888, 1706], [878, 888, 1766], [919, 999, 1918], [989, 999, 1988], [373, 337, 710], [494, 449, 943], [505, 550, 1055], [565, 556, 1121], [595, 559, 1154], [626, 662, 1288], [898, 889, 1787], [919, 991, 1910], [929, 992, 1921], [373, 330, 703], [373, 338, 711], [434, 448, 882], [505, 551, 1056], [505, 556, 1061], [515, 550, 1065], [545, 559, 1104], [565, 550, 1115], [565, 551, 1116], [595, 556, 1151], [676, 663, 1339], [707, 774, 1481], [717, 774, 1491], [818, 882, 1700], [818, 889, 1707], [909, 991, 1900], [919, 990, 1909], [919, 992, 1911], [929, 990, 1919], [494, 494, 988], [505, 505, 1010], [575, 575, 1150], [595, 595, 1190], [757, 757, 1514], [787, 787, 1574], [868, 868, 1736], [878, 878, 1756], [959, 959, 1918], [989, 989, 1978], [383, 388, 771], [454, 455, 909], [494, 499, 993], [505, 500, 1005], [565, 566, 1131], [575, 577, 1152], [585, 588, 1173], [595, 599, 1194], [616, 611, 1227], [626, 622, 1248], [656, 655, 1311], [676, 677, 1353], [727, 722, 1449], [747, 744, 1491], [757, 755, 1512], [767, 766, 1533], [787, 788, 1575], [858, 855, 1713], [878, 877, 1755], [898, 899, 1797], [959, 955, 1914], [989, 988, 1977], [161, 162, 323], [252, 250, 502], [373, 374, 747], [383, 387, 770], [505, 501, 1006], [515, 510, 1025], [565, 561, 1126], [575, 576, 1151], [585, 581, 1166], [585, 586, 1171], [595, 596, 1191], [616, 610, 1226], [616, 612, 1228], [616, 613, 1229], [626, 625, 1251], [626, 629, 1255], [686, 687, 1373], [707, 704, 1411], [717, 714, 1431], [727, 724, 1451], [737, 734, 1471], [747, 741, 1488], [757, 750, 1507], [757, 758, 1515], [818, 813, 1631], [858, 857, 1715], [878, 873, 1751], [878, 879, 1757], [898, 891, 1789], [909, 901, 1810], [959, 950, 1909], [959, 951, 1910], [959, 952, 1911], [959, 956, 1915], [363, 373, 736], [373, 363, 736], [484, 494, 978], [494, 484, 978], [505, 595, 1100], [515, 585, 1100], [515, 595, 1110], [585, 515, 1100], [595, 505, 1100], [595, 515, 1110], [818, 868, 1686], [868, 818, 1686], [919, 989, 1908], [929, 989, 1918], [989, 919, 1908], [989, 929, 1918], [121, 132, 253], [252, 275, 527], [343, 374, 717], [373, 327, 700], [454, 495, 949], [494, 439, 933], [505, 510, 1015], [515, 501, 1016], [515, 591, 1106], [535, 583, 1118], [565, 546, 1111], [565, 586, 1151], [565, 596, 1161], [585, 518, 1103], [585, 568, 1153], [595, 519, 1114], [595, 549, 1144], [626, 612, 1238], [676, 637, 1313], [676, 687, 1363], [747, 714, 1461], [747, 724, 1471], [747, 764, 1511], [757, 765, 1522], [787, 718, 1505], [787, 728, 1515], [787, 758, 1545], [838, 873, 1711], [868, 816, 1684], [898, 819, 1717], [898, 879, 1777], [919, 981, 1900], [929, 972, 1901], [929, 982, 1911], [989, 918, 1907], [131, 122, 253], [272, 255, 527], [323, 377, 700], [373, 344, 717], [434, 499, 933], [494, 455, 949], [505, 511, 1016], [515, 500, 1015], [515, 588, 1103], [515, 599, 1114], [545, 566, 1111], [545, 599, 1144], [565, 588, 1153], [585, 533, 1118], [585, 566, 1151], [595, 511, 1106], [595, 566, 1161], [616, 622, 1238], [636, 677, 1313], [686, 677, 1363], [717, 744, 1461], [717, 788, 1505], [727, 744, 1471], [727, 788, 1515], [757, 788, 1545], [767, 744, 1511], [767, 755, 1522], [818, 866, 1684], [818, 899, 1717], [878, 833, 1711], [878, 899, 1777], [919, 988, 1907], [979, 922, 1901], [989, 911, 1900], [989, 922, 1911], [505, 561, 1066], [515, 540, 1055], [515, 586, 1101], [515, 590, 1105], [515, 594, 1109], [515, 596, 1111], [545, 510, 1055], [565, 501, 1066], [565, 591, 1156], [585, 516, 1101], [595, 510, 1105], [595, 514, 1109], [595, 516, 1111], [595, 561, 1156], [616, 652, 1268], [616, 687, 1303], [636, 675, 1311], [656, 612, 1268], [676, 635, 1311], [686, 617, 1303], [717, 724, 1441], [717, 754, 1471], [727, 714, 1441], [747, 769, 1516], [757, 714, 1471], [767, 749, 1516], [818, 846, 1664], [818, 863, 1681], [838, 879, 1717], [848, 816, 1664], [868, 813, 1681], [878, 839, 1717], [909, 971, 1880], [909, 981, 1890], [919, 968, 1887], [919, 978, 1897], [919, 980, 1899], [919, 982, 1901], [969, 918, 1887], [979, 901, 1880], [979, 918, 1897], [989, 901, 1890], [989, 910, 1899], [989, 912, 1901], [191, 911, 1102], [292, 922, 1214], [484, 844, 1328], [626, 266, 892], [818, 188, 1006], [919, 199, 1118], [989, 899, 1888], [191, 919, 1110], [292, 929, 1221], [919, 191, 1110], [929, 292, 1221], [181, 819, 1000], [191, 910, 1101], [191, 918, 1109], [292, 920, 1212], [292, 921, 1213], [292, 927, 1219], [565, 651, 1216], [595, 954, 1549], [686, 862, 1548], [818, 182, 1000], [818, 183, 1001], [898, 981, 1879], [919, 190, 1109], [919, 192, 1111], [929, 290, 1219], [161, 661, 822], [181, 881, 1062], [191, 991, 1182], [454, 554, 1008], [494, 994, 1488], [545, 445, 990], [656, 556, 1212], [747, 447, 1194], [919, 119, 1038], [959, 559, 1518], [989, 889, 1878], [181, 888, 1069], [191, 999, 1190], [262, 666, 928], [292, 999, 1291], [454, 555, 1009], [656, 555, 1211], [919, 111, 1030], [959, 555, 1514], [989, 888, 1877], [181, 880, 1061], [181, 885, 1066], [181, 886, 1067], [181, 887, 1068], [181, 889, 1070], [191, 990, 1181], [191, 997, 1188], [191, 998, 1189], [212, 113, 325], [262, 667, 929], [434, 337, 771], [454, 550, 1004], [525, 227, 752], [545, 449, 994], [565, 662, 1227], [585, 881, 1466], [797, 991, 1788], [868, 665, 1533], [898, 990, 1888], [898, 991, 1889], [919, 110, 1029], [919, 112, 1031], [919, 113, 1032], [919, 114, 1033], [959, 550, 1509], [959, 551, 1510], [959, 552, 1511], [959, 556, 1515], [181, 821, 1002], [181, 831, 1012], [181, 841, 1022], [191, 901, 1092], [191, 921, 1112], [191, 931, 1122], [434, 384, 818], [474, 714, 1188], [484, 814, 1298], [484, 834, 1318], [575, 735, 1310], [626, 256, 882], [626, 296, 922], [747, 417, 1164], [747, 427, 1174], [767, 647, 1414], [818, 198, 1016], [868, 618, 1486], [868, 658, 1526], [878, 768, 1646], [919, 109, 1028], [919, 169, 1088], [919, 179, 1098], [919, 189, 1108], [929, 289, 1218], [989, 819, 1808], [989, 829, 1818], [181, 828, 1009], [181, 838, 1019], [181, 898, 1079], [191, 909, 1100], [282, 818, 1100], [292, 919, 1211], [383, 818, 1201], [383, 828, 1211], [454, 595, 1049], [474, 727, 1201], [818, 191, 1009], [919, 101, 1020], [919, 171, 1090], [919, 181, 1100], [929, 272, 1201], [929, 282, 1211], [989, 818, 1807], [151, 566, 717], [161, 655, 816], [181, 822, 1003], [181, 833, 1014], [181, 877, 1058], [181, 899, 1080], [191, 900, 1091], [191, 922, 1113], [191, 988, 1179], [272, 799, 1071], [282, 899, 1181], [343, 488, 831], [373, 744, 1117], [434, 388, 822], [464, 677, 1141], [484, 833, 1317], [494, 955, 1449], [515, 166, 681], [565, 611, 1176], [575, 722, 1297], [616, 155, 771], [656, 511, 1167], [676, 788, 1464], [757, 522, 1279], [767, 644, 1411], [797, 922, 1719], [818, 199, 1017], [878, 766, 1644], [898, 911, 1809], [919, 100, 1019], [919, 122, 1041], [919, 177, 1096], [919, 188, 1107], [979, 722, 1701], [989, 811, 1800], [989, 822, 1811], [181, 820, 1001], [181, 827, 1008], [181, 829, 1010], [181, 830, 1011], [181, 832, 1013], [181, 837, 1018], [181, 897, 1078], [191, 908, 1099], [191, 920, 1111], [191, 928, 1119], [282, 819, 1101], [565, 601, 1166], [575, 736, 1311], [656, 510, 1166], [676, 741, 1417], [757, 528, 1285], [767, 649, 1416], [787, 861, 1648], [818, 190, 1008], [818, 192, 1010], [818, 193, 1011], [838, 315, 1153], [898, 921, 1819], [919, 102, 1021], [919, 103, 1022], [919, 172, 1091], [919, 178, 1097], [919, 180, 1099], [919, 182, 1101], [929, 201, 1130], [989, 801, 1790], [989, 812, 1801], [101, 911, 1012], [121, 911, 1032], [181, 911, 1092], [191, 811, 1002], [484, 344, 828], [484, 744, 1228], [505, 655, 1160], [616, 266, 882], [656, 266, 922], [696, 266, 962], [707, 477, 1184], [717, 477, 1194], [818, 788, 1606], [818, 988, 1806], [828, 188, 1016], [868, 188, 1056], [878, 188, 1066], [898, 188, 1086], [919, 899, 1818], [989, 199, 1188], [101, 910, 1011], [181, 918, 1099], [191, 819, 1010], [292, 729, 1021], [292, 829, 1121], [515, 651, 1166], [747, 274, 1021], [828, 182, 1010], [838, 183, 1021], [838, 283, 1121], [898, 189, 1087], [909, 190, 1099], [929, 192, 1121], [101, 919, 1020], [171, 919, 1090], [181, 919, 1100], [191, 818, 1009], [272, 929, 1201], [282, 929, 1211], [595, 454, 1049], [727, 474, 1201], [818, 282, 1100], [818, 383, 1201], [818, 989, 1807], [828, 181, 1009], [828, 383, 1211], [838, 181, 1019], [898, 181, 1079], [909, 191, 1100], [919, 292, 1211], [101, 918, 1019], [171, 918, 1089], [181, 910, 1091], [181, 917, 1098], [191, 810, 1001], [191, 817, 1008], [505, 651, 1156], [515, 650, 1165], [565, 951, 1516], [818, 283, 1101], [818, 382, 1200], [818, 982, 1800], [818, 983, 1801], [828, 180, 1008], [828, 183, 1011], [828, 184, 1012], [838, 180, 1018], [838, 182, 1020], [838, 981, 1819], [848, 183, 1031], [898, 182, 1080], [898, 183, 1081], [929, 190, 1119], [101, 901, 1002], [121, 921, 1042], [131, 231, 362], [151, 851, 1002], [161, 261, 422], [161, 861, 1022], [161, 961, 1122], [181, 681, 862], [191, 891, 1082], [212, 812, 1024], [212, 912, 1124], [272, 472, 744], [363, 263, 626], [414, 814, 1228], [424, 824, 1248], [484, 384, 868], [505, 605, 1110], [676, 576, 1252], [696, 296, 992], [707, 407, 1114], [717, 417, 1134], [727, 427, 1154], [737, 437, 1174], [818, 318, 1136], [848, 648, 1496], [858, 158, 1016], [858, 658, 1516], [868, 168, 1036], [868, 768, 1636], [898, 198, 1096], [909, 109, 1018], [949, 149, 1098], [959, 159, 1118], [959, 859, 1818], [989, 189, 1178], [989, 789, 1778], [101, 900, 1001], [151, 855, 1006], [171, 877, 1048], [181, 988, 1169], [191, 899, 1090], [212, 811, 1023], [212, 911, 1123], [262, 566, 828], [262, 866, 1128], [292, 799, 1091], [292, 899, 1191], [383, 788, 1171], [474, 677, 1151], [515, 611, 1126], [575, 677, 1252], [656, 155, 811], [656, 455, 1111], [656, 855, 1511], [656, 955, 1611], [767, 366, 1133], [767, 866, 1633], [858, 155, 1013], [858, 655, 1513], [878, 177, 1055], [878, 277, 1155], [878, 577, 1455], [898, 199, 1097], [909, 100, 1009], [929, 122, 1051], [949, 144, 1093], [959, 155, 1114], [959, 455, 1414], [989, 188, 1177], [989, 788, 1777], [101, 909, 1010], [141, 949, 1090], [151, 858, 1009], [151, 959, 1110], [191, 898, 1089], [252, 959, 1211], [313, 818, 1131], [656, 959, 1615], [818, 313, 1131], [858, 151, 1009], [898, 191, 1089], [909, 101, 1010], [949, 141, 1090], [959, 151, 1110], [959, 252, 1211], [959, 656, 1615], [101, 908, 1009], [141, 948, 1089], [151, 850, 1001], [151, 854, 1005], [151, 857, 1008], [151, 859, 1010], [151, 950, 1101], [191, 890, 1081], [191, 897, 1088], [212, 810, 1022], [212, 816, 1028], [212, 910, 1122], [212, 917, 1129], [505, 601, 1106], [515, 712, 1227], [525, 924, 1449], [535, 237, 772], [535, 631, 1166], [545, 843, 1388], [616, 915, 1531], [636, 731, 1367], [717, 314, 1031], [767, 364, 1131], [767, 861, 1628], [767, 869, 1636], [787, 681, 1468], [818, 210, 1028], [818, 315, 1133], [818, 513, 1331], [838, 537, 1375], [858, 150, 1008], [858, 152, 1010], [858, 153, 1011], [858, 157, 1015], [868, 163, 1031], [898, 190, 1088], [898, 192, 1090], [898, 193, 1091], [898, 291, 1189], [909, 102, 1011], [909, 201, 1110], [919, 210, 1129], [919, 213, 1132], [919, 312, 1231], [949, 142, 1091], [949, 145, 1094], [959, 150, 1109], [959, 152, 1111], [959, 156, 1115], [101, 991, 1092], [121, 881, 1002], [121, 991, 1112], [131, 881, 1012], [131, 991, 1122], [141, 881, 1022], [414, 774, 1188], [414, 884, 1298], [434, 884, 1318], [484, 334, 818], [535, 775, 1310], [656, 226, 882], [696, 226, 922], [717, 447, 1164], [727, 447, 1174], [747, 667, 1414], [818, 668, 1486], [858, 668, 1526], [868, 778, 1646], [898, 118, 1016], [909, 119, 1028], [919, 889, 1808], [929, 889, 1818], [969, 119, 1088], [979, 119, 1098], [989, 119, 1108], [989, 229, 1218], [101, 990, 1091], [121, 882, 1003], [121, 992, 1113], [131, 883, 1014], [151, 665, 816], [161, 556, 717], [171, 887, 1058], [181, 998, 1179], [191, 889, 1080], [292, 779, 1071], [292, 889, 1181], [343, 774, 1117], [383, 448, 831], [434, 883, 1317], [454, 995, 1449], [474, 667, 1141], [484, 338, 822], [515, 661, 1176], [525, 772, 1297], [565, 116, 681], [616, 551, 1167], [656, 115, 771], [686, 778, 1464], [727, 552, 1279], [727, 992, 1719], [747, 664, 1411], [818, 991, 1809], [868, 776, 1644], [898, 119, 1017], [909, 110, 1019], [919, 881, 1800], [929, 112, 1041], [929, 772, 1701], [929, 882, 1811], [979, 117, 1096], [989, 118, 1107], [101, 999, 1100], [121, 888, 1009], [131, 888, 1019], [191, 888, 1079], [212, 888, 1100], [212, 999, 1211], [313, 888, 1201], [323, 888, 1211], [424, 777, 1201], [494, 555, 1049], [898, 111, 1009], [909, 111, 1020], [919, 888, 1807], [979, 111, 1090], [979, 222, 1201], [989, 111, 1100], [989, 222, 1211], [101, 998, 1099], [121, 880, 1001], [121, 887, 1008], [121, 889, 1010], [121, 990, 1111], [121, 998, 1119], [131, 880, 1011], [131, 882, 1013], [131, 887, 1018], [191, 887, 1078], [212, 889, 1101], [505, 661, 1166], [535, 776, 1311], [616, 550, 1166], [646, 771, 1417], [727, 558, 1285], [747, 669, 1416], [767, 881, 1648], [818, 335, 1153], [828, 991, 1819], [898, 110, 1008], [898, 112, 1010], [898, 113, 1011], [909, 112, 1021], [909, 113, 1022], [909, 221, 1130], [909, 881, 1790], [919, 882, 1801], [979, 112, 1091], [979, 118, 1097], [989, 110, 1099], [989, 112, 1101], [101, 921, 1022], [121, 891, 1012], [121, 901, 1022], [121, 971, 1092], [121, 981, 1102], [141, 281, 422], [171, 921, 1092], [181, 241, 422], [181, 921, 1102], [191, 821, 1012], [414, 824, 1238], [414, 834, 1248], [424, 814, 1238], [434, 814, 1248], [515, 485, 1000], [515, 985, 1500], [585, 415, 1000], [585, 915, 1500], [717, 427, 1144], [717, 457, 1174], [727, 417, 1144], [727, 487, 1214], [757, 417, 1174], [787, 427, 1214], [808, 198, 1006], [818, 368, 1186], [818, 648, 1466], [838, 168, 1006], [838, 648, 1486], [848, 168, 1016], [848, 618, 1466], [848, 638, 1486], [868, 138, 1006], [868, 148, 1016], [868, 198, 1066], [868, 318, 1186], [898, 108, 1006], [898, 168, 1066], [909, 179, 1088], [909, 189, 1098], [919, 879, 1798], [929, 189, 1118], [979, 109, 1088], [979, 819, 1798], [989, 109, 1098], [989, 129, 1118], [141, 954, 1095], [151, 865, 1016], [151, 965, 1116], [171, 837, 1008], [171, 847, 1018], [181, 908, 1089], [181, 938, 1119], [191, 809, 1000], [282, 718, 1000], [282, 918, 1200], [292, 709, 1001], [292, 719, 1011], [292, 819, 1111], [383, 718, 1101], [383, 748, 1131], [383, 918, 1301], [434, 713, 1147], [515, 601, 1116], [515, 641, 1156], [545, 914, 1459], [818, 971, 1789], [828, 172, 1000], [828, 192, 1020], [838, 163, 1001], [838, 173, 1011], [838, 193, 1031], [838, 473, 1311], [838, 513, 1351], [868, 146, 1014], [898, 109, 1007], [898, 179, 1077], [919, 201, 1120], [919, 301, 1220], [929, 102, 1031], [929, 162, 1091], [929, 172, 1101], [929, 182, 1111], [989, 108, 1097], [989, 718, 1707], [101, 989, 1090], [121, 898, 1019], [181, 909, 1090], [191, 828, 1019], [212, 989, 1201], [282, 919, 1201], [828, 191, 1019], [898, 121, 1019], [909, 181, 1090], [919, 282, 1201], [989, 101, 1090], [989, 212, 1201], [101, 899, 1000], [101, 988, 1089], [131, 877, 1008], [131, 988, 1119], [141, 877, 1018], [151, 944, 1095], [161, 855, 1016], [161, 955, 1116], [202, 799, 1001], [212, 788, 1000], [212, 799, 1011], [212, 899, 1111], [212, 988, 1200], [313, 788, 1101], [313, 988, 1301], [343, 788, 1131], [414, 733, 1147], [505, 611, 1116], [515, 944, 1459], [545, 611, 1156], [808, 199, 1007], [818, 533, 1351], [848, 166, 1014], [868, 133, 1001], [878, 122, 1000], [878, 133, 1011], [878, 199, 1077], [878, 433, 1311], [878, 911, 1789], [898, 122, 