- OS: Windows-11-10.0.22631-SP0 10.0.22631
- Python: 3.12.3
- Stable-Baselines3: 2.3.2
- PyTorch: 2.3.0
- GPU Enabled: True
- Numpy: 1.26.4
- Cloudpickle: 3.0.0
- Gymnasium: 0.29.1
